%YAML:1.0
---
names:
   - "1"
   - "2"
   - "3"
   - "4"
   - "5"
R_1: !!opencv-matrix
   rows: 3
   cols: 1
   dt: d
   data: [ 1.1361545942033358e+00, 2.0205574156712482e+00,
       -1.2598490842787153e+00 ]
Rot_1: !!opencv-matrix
   rows: 3
   cols: 3
   dt: d
   data: [ -5.2810692953400618e-01, 8.4901931716253110e-01,
       -1.6409450418386928e-02, 3.8840632707012840e-01,
       2.2432215350822016e-01, -8.9376736153057534e-01,
       -7.5514475173310747e-01, -4.7837827138186706e-01,
       -4.4823055830636982e-01 ]
T_1: !!opencv-matrix
   rows: 3
   cols: 1
   dt: d
   data: [ -5.5362271926870754e-01, 2.6696999181653114e-01,
       3.5013746433567987e+00 ]
R_2: !!opencv-matrix
   rows: 3
   cols: 1
   dt: d
   data: [ 1.1351139276894018e+00, 2.0092167475065672e+00,
       -1.2625261309877831e+00 ]
Rot_2: !!opencv-matrix
   rows: 3
   cols: 3
   dt: d
   data: [ -5.2357137988498836e-01, 8.5186453989929767e-01,
       -1.4135622642362899e-02, 3.8231790485931599e-01,
       2.2008765879659098e-01, -8.9743770929765287e-01,
       -7.6138428522613488e-01, -4.7527700145030521e-01,
       -4.4091466533003221e-01 ]
T_2: !!opencv-matrix
   rows: 3
   cols: 1
   dt: d
   data: [ -6.4354507722831433e-01, 2.6252782704352601e-01,
       3.4169988890435543e+00 ]
R_3: !!opencv-matrix
   rows: 3
   cols: 1
   dt: d
   data: [ 1.7798307009421384e+00, 1.1910125060802887e+00,
       -6.3484332169230462e-01 ]
Rot_3: !!opencv-matrix
   rows: 3
   cols: 3
   dt: d
   data: [ 4.1024210109717762e-01, 9.1034959726724718e-01,
       5.4452082078964847e-02, 4.6230358147320649e-01,
       -1.5612336159993406e-01, -8.7286934561810725e-01,
       -7.8611501515008575e-01, 3.8326114689346913e-01,
       -4.8490625510245078e-01 ]
T_3: !!opencv-matrix
   rows: 3
   cols: 1
   dt: d
   data: [ -1.7351438884007536e-01, 4.1602645955354683e-01,
       2.6359010875094442e+00 ]
R_4: !!opencv-matrix
   rows: 3
   cols: 1
   dt: d
   data: [ 1.7817249413480394e+00, 1.1923985867279898e+00,
       -6.2252689959369167e-01 ]
Rot_4: !!opencv-matrix
   rows: 3
   cols: 3
   dt: d
   data: [ 4.1389598065049371e-01, 9.0820301927450819e-01,
       6.2107914004845111e-02, 4.6819244022223094e-01,
       -1.5386558434966402e-01, -8.7012712914348833e-01,
       -7.8069581535968191e-01, 3.8922057722248382e-01,
       -4.8889813473409538e-01 ]
T_4: !!opencv-matrix
   rows: 3
   cols: 1
   dt: d
   data: [ -2.7104236806813881e-01, 3.9848430225689774e-01,
       2.7561356328250226e+00 ]
R_5: !!opencv-matrix
   rows: 3
   cols: 1
   dt: d
   data: [ 1.5962247806767924e+00, -1.7151860272392891e+00,
       8.9558623562998163e-01 ]
Rot_5: !!opencv-matrix
   rows: 3
   cols: 3
   dt: d
   data: [ -7.4719537134468550e-02, -9.9718813139797913e-01,
       5.7289937526246448e-03, -5.7462818191520126e-01,
       3.8360276924372716e-02, -8.1751510181960296e-01,
       8.1499659098626975e-01, -6.4376391272672917e-02,
       -5.7587866510877672e-01 ]
T_5: !!opencv-matrix
   rows: 3
   cols: 1
   dt: d
   data: [ 4.0250740118768497e-01, -3.7449533798855322e-01,
       3.3864007667358456e+00 ]
