%YAML:1.0
---
names:
   - "1"
   - "2"
   - "3"
   - "4"
   - "5"
K_1: !!opencv-matrix
   rows: 3
   cols: 3
   dt: d
   data: [ 4.1341169355018565e+02, 0., 3.1707204317716571e+02, 0.,
       4.1560903564815624e+02, 2.2892740611457992e+02, 0., 0., 1. ]
dist_1: !!opencv-matrix
   rows: 1
   cols: 5
   dt: d
   data: [ 1.9191665764281513e-02, -1.3312451605633541e-02,
       -2.2436210789850120e-03, -5.0771722966229730e-04,
       1.3091560874493988e-02 ]
K_2: !!opencv-matrix
   rows: 3
   cols: 3
   dt: d
   data: [ 4.0333018679683147e+02, 0., 3.1632916723985545e+02, 0.,
       4.0539445561805184e+02, 2.2855748631180074e+02, 0., 0., 1. ]
dist_2: !!opencv-matrix
   rows: 1
   cols: 5
   dt: d
   data: [ 1.8099605751258976e-02, -1.5708245193563689e-02,
       -1.5858052868082228e-03, -1.7689157470486775e-03,
       1.4932731203145446e-02 ]
K_3: !!opencv-matrix
   rows: 3
   cols: 3
   dt: d
   data: [ 3.7347171451202678e+02, 0., 3.2146778776262465e+02, 0.,
       3.7466526174717478e+02, 2.3322466006680168e+02, 0., 0., 1. ]
dist_3: !!opencv-matrix
   rows: 1
   cols: 5
   dt: d
   data: [ 1.6510393205392503e-02, -2.8869203537749731e-03,
       7.5117577789881538e-05, -2.4374742554301667e-04,
       6.1255296597909027e-04 ]
K_4: !!opencv-matrix
   rows: 3
   cols: 3
   dt: d
   data: [ 3.9052167864820126e+02, 0., 3.2158308713683556e+02, 0.,
       3.9171208122675330e+02, 2.3559832912284580e+02, 0., 0., 1. ]
dist_4: !!opencv-matrix
   rows: 1
   cols: 5
   dt: d
   data: [ 2.9254083445440452e-02, -3.9243678223890736e-02,
       3.7099223203807983e-04, -2.4523818609844124e-04,
       2.6521519166275341e-02 ]
K_5: !!opencv-matrix
   rows: 3
   cols: 3
   dt: d
   data: [ 3.7414650274758844e+02, 0., 3.1672734738109637e+02, 0.,
       3.7428796658857863e+02, 2.4583163473692593e+02, 0., 0., 1. ]
dist_5: !!opencv-matrix
   rows: 1
   cols: 5
   dt: d
   data: [ 4.4646296650822613e-03, 1.4063122702894058e-02,
       1.4291182488908526e-03, -1.5007522016578997e-03,
       -8.4440860927911619e-03 ]
